00000010010000000010100000000011
00000010000000000010001000000011
00000010110000000010001010000011
00000010100000000010011010000011
00000000000010000000100101100011 
00000000000000100010010000000011
00000000000001000110010100010011
00000000010000100000001000010011
11111111111110000000100000010011
00000000110101010010010110110011
11111110101100000000101011100011
00000000000001010000011010110011
11111110000111111111000011101111
00000000110100101010000000100011
00000000000000000000000011101111
00000000000000000000000000010011