00000010010000000010100000000011
00000010000000000010001000000011
00000010110000000010001010000011
00000010100000000010011010000011
00000000000010000000110001100011 
00000000000000100010010000000011
01000001111101000101010010010011
00000000100101000100010100110011
00000000000101001111010010010011
00000000100101010000010100110011
00000000010000100000001000010011
11111111111110000000100000010011
00000000110101010010010110110011
11111110101100000000011111100011
00000000000001010000011010110011
11111101010111111111000011101111
00000000110100101010000000100011
00000000000000000000000011101111
00000000000000000000000000010011